      0/99     2.55G   0.05653   0.01843         0   0.07496         2       640   0.03791   0.03571  0.009721  0.001432   0.08871   0.01745         0
      1/99     2.51G   0.04814   0.01318         0   0.06132         5       640    0.2094    0.5179    0.1498   0.04758   0.09001   0.01182         0
      2/99     2.51G   0.04585  0.009857         0   0.05571         4       640     0.702    0.5179    0.5311    0.1503   0.09046  0.008839         0
      3/99     2.51G   0.04366   0.00755         0    0.0512         1       640    0.5568    0.6786    0.6048    0.1883   0.08993  0.007307         0
      4/99     2.51G   0.04427  0.006427         0   0.05069         3       640    0.4984    0.6429    0.5405    0.2385   0.09331  0.006691         0
      5/99     2.51G   0.04526  0.006542         0    0.0518         7       640    0.5832    0.4248    0.4564    0.1012   0.08936  0.006735         0
      6/99     2.51G   0.03695  0.005634         0   0.04259         2       640    0.3431    0.5536    0.3624    0.1117   0.09084  0.005965         0
      7/99     2.51G     0.042   0.00571         0   0.04771         6       640    0.3489    0.5179    0.3217   0.08008   0.09115  0.006632         0
      8/99     2.51G   0.03782   0.00624         0   0.04406        11       640    0.4254    0.3929    0.3231    0.1308   0.09185  0.006689         0
      9/99     2.51G   0.04396  0.005713         0   0.04967         2       640    0.1808   0.07097   0.03891   0.01151    0.1034  0.007245         0
     10/99     2.51G   0.04924  0.005756         0     0.055         6       640   0.00381   0.03571 0.0004402 5.787e-05    0.1271   0.09156         0
     11/99     2.51G   0.05364  0.005834         0   0.05948         4       640 0.0007867    0.1071 0.0001279 2.433e-05     0.121   0.04088         0
     12/99     2.51G   0.04857  0.005973         0   0.05454         4       640  0.003317   0.07143  0.001774 0.0003074    0.1091   0.01128         0
     13/99     2.51G   0.04802  0.006598         0   0.05462         2       640  0.004083    0.2321  0.001693 0.0003341    0.1163  0.006178         0
     14/99     2.51G   0.04561  0.006483         0   0.05209         1       640   0.06307   0.03571  0.004505 0.0007189    0.1161  0.005265         0
     15/99     2.51G   0.04037  0.006486         0   0.04685         2       640   0.04551    0.1786   0.01909  0.004318    0.1102  0.005459         0
     16/99     2.51G   0.04502  0.005925         0   0.05094         2       640    0.1157      0.25   0.05495   0.01008   0.09917  0.006538         0
     17/99     2.51G   0.04392   0.00638         0    0.0503         8       640   0.08585   0.07143   0.03128  0.004022    0.0969  0.006382         0
     18/99     2.51G   0.04456  0.005483         0   0.05004         5       640   0.08255     0.125   0.04087  0.008699   0.09319  0.006843         0
     19/99     2.51G   0.04398  0.006513         0    0.0505         7       640   0.04091    0.4286   0.02925  0.005876   0.09754  0.006899         0
     20/99     2.51G   0.03749  0.006447         0   0.04393         7       640   0.05981    0.2857   0.03904  0.008434    0.1021   0.00633         0
     21/99     2.51G   0.03479  0.005831         0   0.04062         5       640     0.112     0.375   0.07955   0.01465    0.1036  0.006087         0
     22/99     2.51G   0.03827  0.006348         0   0.04462        11       640    0.5268    0.2857    0.2918   0.08171    0.0933  0.007259         0
     23/99     2.51G   0.03992  0.006627         0   0.04654         8       640    0.3014    0.3929    0.2151   0.05333   0.09367  0.006989         0
     24/99     2.51G   0.03844  0.006539         0   0.04498         7       640    0.5094    0.4821    0.4008     0.103   0.08762  0.007219         0
     25/99     2.51G   0.03548  0.006194         0   0.04167         5       640      0.42    0.4784    0.3475   0.08238   0.08444  0.007189         0
     26/99     2.51G   0.03439  0.005999         0   0.04039         4       640     0.455    0.4107    0.3302    0.1213   0.08647   0.00721         0
     27/99     2.51G   0.03488  0.005423         0   0.04031         4       640    0.5026     0.375    0.3298     0.117   0.08836  0.006921         0
     28/99     2.51G   0.03817  0.006214         0   0.04439         5       640    0.5552    0.3393    0.3158    0.1034   0.08355  0.007417         0
     29/99     2.51G   0.03646  0.006102         0   0.04256         1       640    0.4596    0.4253    0.3977    0.1646    0.0781  0.007686         0
     30/99     2.51G   0.03781  0.006097         0    0.0439         6       640    0.5574    0.4821    0.4497     0.155   0.07841   0.00743         0
     31/99     2.51G   0.03635  0.005933         0   0.04228         5       640    0.4842    0.5357    0.4998    0.1675   0.07766  0.007517         0
     32/99     2.51G   0.03659  0.006317         0    0.0429         6       640     0.754    0.5475    0.6113    0.2147   0.07603  0.007691         0
     33/99     2.51G   0.03894  0.006938         0   0.04588         6       640    0.6461    0.5869    0.5928    0.2138   0.07789  0.007451         0
     34/99     2.51G   0.03493  0.006073         0   0.04101         1       640    0.6167    0.5171    0.5276    0.1649    0.0785  0.007399         0
     35/99     2.51G   0.03501  0.005751         0   0.04076         2       640    0.7801    0.5702    0.6465    0.2816   0.07137  0.008303         0
     36/99     2.51G   0.03416  0.006162         0   0.04032         8       640    0.7468    0.6429    0.6568    0.2929   0.06832  0.008624         0
     37/99     2.51G   0.03848  0.005885         0   0.04436         3       640    0.7078    0.6071     0.659    0.2653   0.06732  0.008719         0
     38/99     2.51G   0.03882  0.006583         0    0.0454         2       640    0.7653    0.6429    0.6777    0.3109   0.07012  0.007981         0
     39/99     2.51G   0.03468  0.005758         0   0.04044         2       640    0.7078     0.692    0.6822    0.3219   0.07064  0.007894         0
     40/99     2.51G   0.03511  0.004899         0   0.04001        12       640    0.9128    0.5714    0.7019    0.3108   0.06906   0.00807         0
     41/99     2.51G   0.03342  0.005621         0   0.03904         1       640    0.8186    0.5893    0.7256     0.332   0.06737  0.008205         0
     42/99     2.51G   0.03411  0.005783         0   0.03989         3       640    0.7483    0.6429    0.7504    0.3517   0.06517  0.008257         0
     43/99     2.51G   0.03464  0.006235         0   0.04088         8       640    0.8274    0.5993    0.7299    0.3258    0.0681  0.007805         0
     44/99     2.51G   0.03336  0.006028         0   0.03939         5       640    0.7145    0.6786    0.7265    0.3641   0.06954   0.00738         0
     45/99     2.51G   0.03256  0.005962         0   0.03852         7       640    0.7268    0.7143    0.7304    0.3632   0.06856  0.007517         0
     46/99     2.51G   0.03459  0.006335         0   0.04093         9       640      0.75    0.6964    0.7504    0.3949   0.06695  0.007585         0
     47/99     2.51G    0.0337  0.006225         0   0.03992         3       640    0.7749    0.6786    0.7294    0.3818   0.06882  0.007282         0
     48/99     2.51G   0.03272  0.005756         0   0.03848         2       640    0.8775    0.6429    0.7333    0.3741   0.06896  0.007454         0
     49/99     2.51G   0.03479  0.005947         0   0.04073         3       640    0.9428    0.5892    0.7113    0.3506   0.06464  0.008266         0
     50/99     2.51G   0.03312  0.005503         0   0.03863         4       640    0.8682    0.5893    0.6996    0.3586   0.06522  0.008043         0
     51/99     2.51G    0.0356  0.005664         0   0.04127         4       640    0.8371    0.6426    0.7233    0.3649   0.06767  0.007518         0
     52/99     2.51G   0.03599  0.005759         0   0.04175        11       640    0.8297    0.6958    0.7509    0.4217   0.06426  0.007667         0
     53/99     2.51G   0.03095  0.005645         0    0.0366         9       640    0.9243    0.6607    0.7839    0.4387   0.06126  0.008002         0
     54/99     2.51G   0.03238  0.005758         0   0.03814         8       640    0.7537    0.7679     0.781    0.4343   0.06262  0.007903         0
     55/99     2.51G   0.03145  0.006016         0   0.03746         4       640    0.8881    0.7143    0.8015    0.4293   0.06202  0.007892         0
     56/99     2.51G   0.03108  0.005883         0   0.03696         8       640    0.8562      0.75    0.8037    0.4577   0.06083  0.007918         0
     57/99     2.51G   0.03071  0.005642         0   0.03635         4       640    0.9091    0.7141    0.8103    0.4452    0.0605  0.008007         0
     58/99     2.51G   0.03221  0.005691         0    0.0379         4       640    0.9523    0.7134    0.8035    0.4426   0.05909  0.007979         0
     59/99     2.51G   0.03063  0.006267         0    0.0369         4       640    0.9067    0.6964    0.8073    0.4728   0.05751  0.007904         0
     60/99     2.51G    0.0308  0.006298         0    0.0371         2       640    0.9291    0.7143    0.8214    0.4288   0.05831  0.007963         0
     61/99     2.51G   0.03009  0.005833         0   0.03592         3       640    0.9111    0.7318     0.823    0.4623   0.05637  0.008164         0
     62/99     2.51G   0.03127  0.005821         0   0.03709         1       640    0.8364    0.7321    0.7933    0.4467   0.05557  0.008321         0
     63/99     2.51G   0.02634  0.005663         0     0.032         5       640    0.9042    0.6786    0.8046    0.4481   0.05647  0.008154         0
     64/99     2.51G   0.02935  0.005995         0   0.03535         4       640       0.9    0.6427    0.7944    0.4432   0.05578  0.008173         0
     65/99     2.51G   0.03304  0.006347         0   0.03939         6       640    0.8124    0.6959    0.7777    0.4287   0.05646  0.008131         0
     66/99     2.51G   0.02527  0.005637         0    0.0309         3       640     0.819    0.7321    0.7928    0.4636    0.0545   0.00808         0
     67/99     2.51G   0.03182  0.006313         0   0.03813         6       640    0.8694    0.7143    0.8097    0.4767   0.05609  0.007658         0
     68/99     2.51G   0.02907  0.006086         0   0.03516        13       640    0.8536    0.7321    0.7969    0.4656   0.05631  0.007806         0
     69/99     2.51G   0.02968  0.006132         0   0.03581         6       640    0.9312    0.7321    0.8285    0.4779   0.05622   0.00774         0
     70/99     2.51G   0.02898  0.006014         0   0.03499         4       640    0.9503    0.6964    0.8392    0.4702   0.05561  0.007863         0
     71/99     2.51G   0.03079  0.006431         0   0.03722         5       640    0.8599    0.7679      0.83    0.4855   0.05603  0.007841         0
     72/99     2.51G   0.02649  0.005973         0   0.03246         6       640     0.909    0.7139    0.8086    0.4543   0.05672  0.007847         0
     73/99     2.51G   0.02936  0.005788         0   0.03514         6       640    0.9318    0.7317    0.8347    0.4759   0.05571  0.007766         0
     74/99     2.51G   0.02782  0.006289         0   0.03411         6       640    0.8936    0.7496    0.8461    0.4842   0.05616  0.007567         0
     75/99     2.51G   0.02626   0.00587         0   0.03213         6       640    0.8912    0.7321    0.8307    0.4865   0.05594  0.007571         0
     76/99     2.51G   0.02594  0.006226         0   0.03217         4       640    0.9318    0.7318    0.8306    0.4938   0.05575  0.007599         0
     77/99     2.51G    0.0266  0.006254         0   0.03285         3       640    0.9318     0.732    0.8468    0.4929   0.05633   0.00748         0
     78/99     2.51G   0.02741  0.006096         0   0.03351         4       640    0.9315    0.7321    0.8225    0.4976   0.05627   0.00749         0
     79/99     2.51G   0.02915  0.005983         0   0.03513         5       640    0.9545    0.7498     0.837    0.5062   0.05614  0.007437         0
     80/99     2.51G   0.02663  0.005939         0   0.03257         4       640    0.9126      0.75    0.8294    0.5018    0.0559   0.00739         0
     81/99     2.51G   0.02733  0.006345         0   0.03368         6       640    0.9317    0.7321    0.8389    0.5024   0.05502  0.007394         0
     82/99     2.51G   0.02746  0.005999         0   0.03346         3       640    0.9125      0.75     0.834    0.4973   0.05372  0.007521         0
     83/99     2.51G   0.02874  0.006177         0   0.03491         2       640    0.9126      0.75    0.8184    0.4898   0.05443  0.007412         0
     84/99     2.51G   0.02829   0.00606         0   0.03435         6       640    0.8913    0.7321    0.8098    0.4953   0.05344  0.007446         0
     85/99     2.51G   0.02641  0.006062         0   0.03247         9       640    0.9741    0.6786    0.8377     0.478   0.05388  0.007473         0
     86/99     2.51G   0.02671  0.005898         0   0.03261         2       640    0.8541    0.7317    0.8058    0.4898   0.05439  0.007438         0
     87/99     2.51G   0.02901  0.006433         0   0.03545         8       640    0.8571    0.7498     0.796     0.474   0.05509  0.007459         0
     88/99     2.51G    0.0271    0.0062         0    0.0333         3       640    0.8571    0.7498    0.8003    0.4961   0.05484   0.00742         0
     89/99     2.51G   0.02696  0.005842         0    0.0328         4       640    0.8597    0.7679    0.8056    0.4997   0.05418  0.007468         0
     90/99     2.51G   0.02718  0.006141         0   0.03332         5       640    0.9302    0.7142    0.8113    0.4909   0.05412  0.007422         0
     91/99     2.51G    0.0258  0.005714         0   0.03152        13       640    0.9107    0.7321    0.8152    0.4989   0.05416  0.007492         0
     92/99     2.51G   0.02517  0.005504         0   0.03068         1       640     0.913    0.7498    0.8163    0.4927   0.05391  0.007507         0
     93/99     2.51G   0.02621  0.005798         0   0.03201         4       640     0.913    0.7497    0.8171    0.5053   0.05397  0.007535         0
     94/99     2.51G   0.02781  0.005903         0   0.03371         1       640    0.8594    0.7679    0.8334    0.4978    0.0533  0.007461         0
     95/99     2.51G    0.0262  0.006448         0   0.03265         1       640    0.8428    0.7679    0.8214    0.5204   0.05355  0.007502         0
     96/99     2.51G   0.02678  0.005976         0   0.03276         5       640     0.846    0.7847    0.8214    0.5061   0.05375  0.007503         0
     97/99     2.51G   0.02704  0.006422         0   0.03346         2       640     0.911    0.7321    0.8081    0.4935   0.05412  0.007484         0
     98/99     2.51G   0.02573   0.00569         0   0.03142         6       640    0.8773    0.7679    0.8333    0.5223   0.05232  0.007482         0
     99/99     2.51G   0.02669  0.006414         0    0.0331        10       640    0.9111    0.7321    0.8325    0.5152   0.05247  0.007418         0
